0 239 776 138 304 1607 607 112 258 880 66 61 177 1651 103 62 192 717 226 73 185 1453 31 88 163 789 243 79 186 1792 183 79 173 285 299 79 181 1153 0 45 71 870 394 130 184 1569 909 156 163 881 476 141 165 1349 15 55 113 982 0 60 123 1345 45 58 97 1506 94 44 92 1326 0 34 50 
1 238 789 128 287 719 224 71 185 276 300 86 183 1607 611 112 251 882 62 58 184 1651 103 61 192 1454 30 88 164 791 233 72 188 1353 13 56 116 866 395 131 183 1152 0 45 71 1795 181 76 172 985 0 62 123 1349 47 58 95 1572 912 154 157 878 478 139 163 1509 93 41 93 1327 0 32 49 
2 238 789 128 287 719 224 71 185 276 300 86 183 1606 611 113 251 882 62 58 184 1651 103 61 191 1454 30 88 164 791 233 71 188 1353 13 56 116 866 395 130 184 1152 0 45 71 1795 180 76 173 985 0 62 123 1349 47 58 94 1572 912 154 157 878 478 139 163 1327 0 32 49 1509 93 41 93 
3 238 789 128 288 719 224 71 185 1606 611 113 251 276 300 86 183 882 62 58 184 1651 103 61 192 1454 30 88 164 791 233 71 187 1353 13 56 116 866 395 130 184 1152 0 45 71 1795 180 76 173 985 0 62 123 1349 47 58 94 1573 912 153 157 878 478 139 163 1327 0 32 49 1509 93 41 93 
4 885 63 58 182 223 801 135 270 721 224 70 180 1650 106 61 184 1604 612 121 249 270 294 92 193 1457 29 85 164 862 397 122 226 796 236 70 182 881 492 126 150 1356 11 56 121 1153 0 43 72 986 0 64 122 1794 177 78 172 1353 46 57 97 1571 930 157 146 1326 0 34 38 1507 93 41 91 
5 215 813 130 257 887 63 57 186 1649 109 61 177 855 393 123 240 1605 613 120 247 729 222 66 187 1457 28 88 164 800 236 72 182 876 491 122 154 260 295 96 192 1153 0 43 72 1356 6 62 126 285 231 91 251 1796 175 78 176 1355 49 58 92 1507 91 43 94 1574 934 151 143 986 0 66 119 1326 0 34 38 
6 212 816 125 257 1604 613 121 251 888 61 56 186 1649 107 60 180 848 394 118 244 806 236 75 182 1459 27 84 165 1361 4 62 127 255 301 94 187 873 491 114 155 734 219 65 191 1152 0 43 71 1358 54 56 84 988 0 66 120 1508 90 42 96 287 232 85 241 1573 934 153 143 1796 178 79 170 1325 0 33 49 637 985 152 91 
7 205 822 128 252 1649 104 59 180 890 57 54 189 1606 612 118 257 1456 25 89 166 815 235 72 182 847 394 119 241 735 220 67 193 987 0 69 120 1150 0 44 72 865 492 124 156 1363 56 55 79 252 290 98 201 1363 2 63 131 1508 90 43 94 278 235 91 236 1795 175 82 173 1325 0 34 38 638 980 154 96 1571 940 151 135 
8 837 400 128 235 1648 103 59 178 201 821 126 259 892 57 53 188 1610 620 117 263 737 217 69 195 1458 26 86 165 817 235 74 180 236 304 102 195 988 0 68 120 1368 54 53 81 858 511 120 152 638 973 153 102 1366 0 62 118 1324 0 35 39 1150 0 42 72 1510 92 41 91 1571 946 151 129 1795 177 83 169 304 229 84 175 
9 837 400 128 235 1648 103 59 178 200 821 126 259 891 58 55 187 1610 620 117 263 737 217 69 195 1458 26 86 164 817 235 74 180 236 305 102 193 988 0 68 120 858 511 120 152 1368 54 53 81 638 973 154 103 1366 0 62 117 1324 0 35 39 1150 0 42 72 1510 92 41 91 1571 946 151 129 305 229 83 174 1794 176 84 170 
10 834 406 126 232 737 218 69 191 1648 100 59 181 1607 622 122 262 197 825 122 253 893 58 54 184 821 234 71 179 1462 23 85 168 991 0 66 119 304 220 89 187 854 512 122 150 1323 0 36 39 1148 0 43 73 235 302 95 196 1380 0 57 117 640 972 159 104 1510 90 41 93 1372 51 52 81 1795 175 84 171 1251 0 28 12 
11 738 217 72 192 189 837 134 243 1606 631 128 257 824 233 72 179 830 407 132 230 1648 104 59 172 992 0 66 120 303 215 90 195 1463 22 82 169 1147 0 44 75 843 512 130 153 1383 0 55 115 642 970 157 105 896 71 62 159 1323 0 35 38 235 300 83 198 1512 89 39 93 1381 51 50 77 1795 171 86 173 
12 741 218 68 188 1609 636 123 257 184 843 121 234 830 231 68 179 828 409 128 229 1143 0 48 76 1465 19 81 175 995 0 63 118 1649 88 59 190 896 72 63 156 842 514 130 153 645 967 159 108 309 221 83 181 231 310 81 187 1323 0 36 37 1386 0 54 109 1513 91 38 91 1381 50 54 78 1813 176 76 129 
13 741 218 68 188 1609 636 124 257 184 843 121 234 830 231 68 179 828 409 128 229 1143 0 48 76 1465 20 81 174 1649 88 59 190 995 0 63 118 896 72 63 156 842 514 130 153 645 967 159 108 309 221 83 181 231 310 81 186 1323 0 36 37 1386 0 54 109 1513 91 38 91 1381 50 55 78 1813 176 76 129 
14 743 218 66 187 1610 639 123 262 181 848 115 230 835 229 66 180 821 414 120 232 1142 0 47 77 227 316 78 182 1648 85 61 193 840 515 130 153 897 71 63 156 1466 17 79 173 1390 0 54 107 1324 0 35 37 1000 0 57 117 646 958 161 116 313 228 82 171 1385 50 54 77 1514 89 35 92 1815 174 73 134 
15 743 218 66 186 181 848 115 230 1610 639 122 262 835 229 65 179 821 414 120 233 1141 0 48 77 227 316 78 182 1648 85 61 193 840 515 129 153 897 71 63 156 1466 17 79 174 1390 0 54 107 1324 0 35 37 646 958 161 116 1000 0 57 117 313 228 82 171 1385 50 54 77 1514 89 35 92 1815 174 73 134 
16 176 850 110 230 1610 645 126 258 744 214 67 184 1144 0 46 77 835 227 69 177 1649 83 60 196 223 314 78 184 891 76 81 148 839 516 131 155 1468 15 79 172 820 419 119 225 1393 0 55 105 1324 0 35 37 650 952 156 123 1000 0 58 117 313 230 86 170 1513 89 37 90 1387 51 55 75 1760 616 95 139 
17 156 856 118 223 1613 649 123 255 747 208 67 190 839 226 67 176 1141 0 48 77 215 315 78 186 1468 12 80 174 1649 84 59 195 901 73 63 151 1395 0 59 107 819 419 120 259 833 514 136 161 673 949 163 127 1324 0 36 38 315 230 88 168 1394 28 54 91 1513 90 37 88 1759 619 97 133 1824 173 64 132 1012 0 53 114 
18 145 865 129 214 1137 0 50 78 817 423 122 252 1614 651 125 251 1649 84 59 194 903 75 62 148 755 206 66 189 1468 10 83 176 213 328 78 186 832 514 132 163 1398 0 60 110 682 945 158 129 841 226 67 173 1324 0 37 38 1012 0 54 116 1510 90 41 87 1397 23 54 96 1758 621 97 131 317 235 87 162 1830 174 58 129 
19 140 870 132 208 815 430 122 242 202 322 84 201 1137 0 48 79 904 76 65 144 762 180 56 241 1468 9 85 169 1648 84 60 194 1614 654 126 249 841 226 68 171 691 938 149 136 1326 0 36 37 1403 0 54 108 832 520 132 159 1013 0 54 115 1401 28 52 88 1835 169 54 142 1758 622 96 132 1510 90 41 86 
20 136 875 131 202 812 426 126 249 1615 652 121 262 766 178 58 244 199 331 79 195 1134 0 51 80 1648 84 60 195 905 79 63 139 848 205 57 220 694 932 148 142 1471 10 83 167 827 519 137 162 1326 0 37 36 1408 0 51 107 1756 623 95 135 1406 31 49 83 1015 0 52 112 1509 89 42 87 
21 136 875 131 202 812 426 126 249 1615 652 121 262 766 178 58 244 199 331 79 195 1134 0 51 80 1648 84 60 194 905 78 64 140 848 206 57 217 694 932 148 142 1471 10 83 166 827 519 137 162 1326 0 37 36 1408 0 51 107 1756 623 95 135 1406 31 49 83 1015 0 53 112 1509 89 42 86 
22 769 182 59 233 130 881 134 196 1615 655 122 276 808 431 130 244 1648 84 59 195 194 332 81 197 1134 0 51 80 909 61 62 159 1472 10 79 163 695 930 149 144 851 210 57 209 1325 0 38 38 825 519 139 164 1410 0 50 108 1017 0 51 112 1756 625 95 136 1409 26 47 87 1511 88 41 86 
23 1617 661 121 274 120 890 140 189 772 191 61 213 804 433 130 245 191 329 79 204 1648 82 59 199 1133 0 51 81 911 56 62 168 1473 12 79 161 848 217 62 167 686 920 163 148 811 520 133 167 1325 0 39 38 1421 0 48 102 1019 0 49 112 1755 626 95 138 
24 1619 672 123 268 108 895 153 183 798 440 130 239 773 197 65 198 190 332 74 200 1648 77 59 209 1134 0 46 83 691 915 162 156 916 56 60 168 848 216 65 167 1475 13 78 160 1018 0 49 112 1421 0 50 103 808 523 131 166 1326 0 39 37 361 247 58 151 1751 632 84 177 1509 88 43 86 1420 27 52 82 
25 1619 677 122 278 104 903 138 175 793 447 129 233 1648 76 59 207 697 912 159 161 176 343 79 188 1020 0 47 114 1474 13 80 157 770 202 69 191 918 59 62 160 1134 0 45 83 1421 0 52 100 860 221 57 160 806 523 125 171 1328 0 36 35 352 209 68 183 1507 88 46 86 1420 29 55 78 1748 636 87 168 
26 99 910 127 165 176 345 75 183 790 451 130 232 1647 76 59 204 1617 679 124 285 703 908 152 163 1021 0 47 114 861 211 58 181 1472 14 81 154 1133 0 45 84 771 203 71 189 920 55 60 170 1423 0 50 101 354 208 71 183 804 517 120 181 1329 0 36 34 792 209 82 174 358 259 40 48 1503 88 49 85 1423 28 53 79 
27 100 910 126 165 177 345 75 183 790 451 130 232 1647 76 59 203 1617 679 124 285 704 908 151 163 1021 0 47 114 861 211 58 181 1472 14 81 154 1133 0 46 84 920 55 60 170 1422 0 51 101 771 203 71 189 354 208 71 183 805 551 117 158 1330 0 35 34 792 209 82 174 358 258 40 49 1503 88 49 85 1423 28 53 79 
28 174 344 74 186 786 452 126 233 1647 76 59 199 84 921 150 158 1471 12 84 158 713 905 141 166 1021 0 48 114 860 205 61 191 1618 687 130 271 1132 0 48 84 802 552 115 156 921 53 61 174 355 210 75 180 1425 0 50 99 785 212 66 164 1331 0 34 32 1506 87 48 85 
29 70 925 139 151 1648 75 57 196 781 452 125 233 711 899 150 175 1021 0 50 114 354 209 82 180 861 211 67 176 1472 13 83 152 168 339 76 191 922 57 63 165 796 550 120 159 1129 0 52 84 1619 695 121 283 786 210 67 167 1433 0 48 83 1331 0 36 33 1509 87 45 84 
30 63 930 144 144 776 453 128 231 715 891 146 184 1648 75 57 194 164 345 77 189 1619 694 121 283 356 214 87 172 863 209 67 176 1022 0 49 113 792 550 125 159 1473 14 82 149 790 195 64 178 924 55 64 168 1130 0 43 92 1434 0 50 79 1331 0 36 34 1434 4 49 91 1512 74 45 90 
31 51 932 149 140 771 455 128 225 718 888 147 185 1648 73 57 196 1616 694 127 282 357 219 93 166 156 348 79 194 792 188 62 191 1022 0 50 113 868 193 60 207 1473 12 81 152 788 551 127 159 1129 0 44 93 927 59 60 159 1330 0 37 35 1435 0 52 78 1435 7 49 85 1513 73 45 90 
32 45 932 144 140 764 452 128 226 797 186 60 196 715 886 152 186 1618 694 126 282 862 207 77 177 358 224 96 160 1647 73 59 194 785 552 129 163 1022 0 53 112 1471 11 82 150 1127 0 46 93 146 353 82 192 923 55 83 158 1333 0 33 32 1436 0 52 75 1439 7 46 81 1514 73 46 90 
33 45 932 145 140 765 452 128 226 797 186 60 196 1618 695 126 280 862 207 77 176 715 886 151 186 1647 73 59 194 358 224 96 160 1022 0 53 112 785 552 128 163 1471 12 82 149 1127 0 46 93 146 353 82 192 923 55 83 158 1333 0 33 32 1436 0 52 75 1439 7 46 81 1514 73 46 90 
34 35 936 147 137 762 452 133 228 1620 700 127 274 362 226 95 158 1022 0 53 109 785 196 78 174 1647 74 60 190 865 207 77 177 714 882 151 192 1474 11 79 150 1126 0 47 92 137 350 85 199 783 559 131 157 924 54 82 158 1334 0 31 29 1517 73 45 89 1437 0 52 75 1441 4 45 82 
35 33 946 132 130 1622 707 126 269 758 452 133 228 1021 0 57 107 788 196 77 174 868 207 73 178 720 876 145 198 368 225 97 158 1647 79 59 179 128 346 92 208 1126 0 44 92 1471 11 81 150 776 555 138 166 934 66 66 139 1516 72 45 90 1333 0 33 28 
36 1626 712 125 266 22 952 138 121 751 455 138 227 1021 0 57 105 128 372 87 184 792 199 78 170 1647 83 60 173 721 874 147 201 869 207 73 176 371 219 94 162 768 558 140 167 1461 2 88 154 1126 0 44 93 938 66 63 140 1517 72 44 89 1334 0 32 28 
37 1626 721 123 254 1022 0 57 103 121 373 87 183 761 560 143 169 18 958 137 117 888 193 56 199 941 58 58 154 1648 83 58 173 798 195 76 173 1126 0 43 94 374 211 91 171 747 464 144 216 753 874 147 200 1463 3 87 151 1514 73 47 86 1334 0 34 27 
38 1627 727 121 248 1024 0 56 102 888 190 60 188 802 193 76 174 945 55 57 155 749 562 154 171 1126 0 43 94 1464 5 89 148 380 211 86 169 118 374 74 180 1648 81 58 175 755 868 147 205 4 969 128 103 740 459 135 265 1513 73 49 84 1335 0 34 28 
39 1627 726 121 249 1024 0 56 102 888 190 61 187 801 193 77 174 946 55 56 155 749 562 154 171 1126 0 43 94 1464 5 89 148 118 374 75 180 1648 81 58 176 379 211 87 169 755 868 147 205 4 969 128 103 740 459 135 265 1513 73 49 84 1335 0 34 28 
40 949 51 53 161 1633 734 111 246 1024 0 56 101 804 193 78 170 736 464 139 256 888 182 62 197 745 564 157 171 1119 0 42 96 1649 66 59 192 1465 5 86 147 762 863 140 211 383 195 86 178 1515 73 48 83 98 371 85 182 9 981 98 98 1335 0 33 28 
41 950 50 53 160 1634 739 110 243 807 192 79 169 731 474 142 245 1025 0 59 100 1650 62 61 199 741 554 159 185 1119 0 41 97 97 347 82 206 386 192 89 181 766 859 139 215 900 191 52 183 1466 4 86 146 1515 72 48 83 9 988 95 91 1719 666 90 191 1336 0 33 27 
42 810 193 84 174 728 481 142 240 951 46 54 164 1650 60 62 201 1635 742 110 240 1026 0 60 99 1118 0 42 96 744 555 151 184 96 365 77 194 902 181 51 199 757 851 146 224 391 191 85 182 1466 4 88 141 1510 71 51 80 1336 0 34 27 
43 818 191 82 172 1650 61 62 198 726 484 141 234 92 366 77 197 953 48 56 159 1116 0 43 96 901 179 55 202 1027 0 59 99 1636 747 109 234 732 556 145 183 392 195 88 174 766 847 143 230 1485 3 76 136 1506 72 54 76 1336 0 34 27 
44 822 189 83 171 1650 57 62 202 81 375 84 193 1114 0 46 96 719 488 144 234 903 180 54 196 1028 0 59 99 955 55 56 146 1636 766 116 225 730 549 144 196 408 195 78 170 765 832 145 237 1470 5 87 138 1508 71 53 76 1706 2 32 22 
45 822 189 83 171 1650 57 62 201 82 375 83 193 1115 0 45 96 903 180 54 197 719 488 144 233 1028 0 59 99 955 55 56 146 1636 766 116 225 730 549 144 196 408 196 78 169 766 832 144 237 1485 2 77 137 1508 71 53 76 1706 2 32 23 
46 824 185 83 168 1112 0 47 95 956 58 61 143 1027 0 61 100 1647 757 116 249 1650 54 62 204 715 494 144 225 906 180 54 194 73 382 88 196 782 830 133 241 411 195 76 170 728 547 140 202 1488 0 75 139 1506 69 56 77 1726 695 60 122 1337 0 32 27 1704 1 34 22 
47 826 183 82 166 1636 764 116 246 1650 53 61 205 712 494 143 225 1109 0 49 96 59 390 96 191 412 195 80 169 1029 0 59 101 786 830 133 237 907 179 56 196 957 57 60 143 1488 0 74 142 727 590 132 167 1723 697 63 121 1508 69 55 77 1337 0 31 27 1705 1 32 23 
48 49 384 103 200 823 178 84 169 1635 767 118 256 1650 51 61 207 708 495 134 226 793 828 127 240 1106 0 50 96 959 56 61 145 1029 0 59 99 419 195 74 173 911 179 55 192 729 598 123 157 1479 2 84 141 1336 0 32 25 1719 697 69 122 1704 1 34 23 1507 68 56 78 
49 825 173 84 175 1650 52 62 203 48 390 94 196 789 824 135 243 704 496 130 231 1104 0 52 99 1634 770 120 255 422 193 74 175 959 56 64 145 1029 0 60 99 1478 2 85 142 723 599 125 158 913 175 55 201 1335 0 32 26 1704 0 34 24 1715 701 71 117 1508 69 55 76 
50 843 149 60 215 1650 58 62 190 786 824 142 234 703 496 126 232 426 192 76 175 1104 0 50 100 47 385 87 201 1030 0 58 98 1634 772 120 249 720 600 127 165 964 59 58 139 917 175 54 198 1480 2 86 141 1336 0 31 25 1704 0 32 25 1506 55 62 89 
51 843 149 60 215 1650 58 62 190 786 824 142 234 703 497 126 230 426 192 75 175 1104 0 50 100 47 385 87 201 1030 0 58 98 1633 772 121 249 720 600 127 165 917 174 54 200 964 59 58 139 1480 3 86 140 1336 0 31 25 1704 0 32 25 1506 55 62 89 
52 845 149 63 218 1650 55 62 197 1100 0 54 100 788 819 147 239 703 501 122 224 430 189 72 178 1031 0 58 98 917 175 57 175 1635 783 118 231 720 602 124 167 970 60 63 136 1488 0 80 141 1338 0 30 26 44 393 84 192 1703 1 30 24 1507 58 63 84 
53 847 145 63 226 1650 53 62 201 1099 0 54 100 790 813 143 247 695 505 126 219 918 170 58 186 715 605 126 168 1027 0 63 97 971 37 64 168 1635 786 116 220 434 190 72 175 1489 0 79 143 1339 0 29 25 1508 58 63 85 1699 1 32 25 1708 714 73 120 
54 793 805 143 257 848 148 65 216 1651 52 60 200 1097 0 56 103 686 508 133 215 919 180 62 184 1636 794 114 212 970 32 75 169 1489 0 78 140 712 607 124 168 1026 0 62 97 434 184 73 175 1339 0 30 24 1508 59 62 81 20 388 89 196 1696 1 32 26 1683 716 103 125 
55 796 795 137 278 1650 56 60 190 920 168 62 185 1095 0 55 105 849 161 67 191 680 510 134 254 974 25 75 173 19 391 85 193 1635 800 116 194 704 607 131 171 1491 0 76 142 1340 0 28 23 1024 0 63 97 1510 57 60 84 1695 0 30 28 768 890 120 182 1689 729 80 99 
56 857 168 70 176 801 785 135 291 1650 62 59 176 921 172 66 179 1093 0 56 105 676 510 138 255 15 392 89 195 974 28 76 171 1632 804 120 193 693 605 136 174 1495 0 74 140 441 178 76 170 1340 0 28 23 1024 0 65 99 1678 730 110 148 1692 0 33 28 1509 58 62 82 
57 858 168 69 177 801 785 136 291 1650 62 59 176 921 172 66 179 1093 0 56 105 676 511 138 254 14 392 90 195 974 28 76 171 1633 804 119 193 693 605 137 174 441 178 76 170 1495 0 73 140 1340 0 28 23 1025 0 64 99 1678 730 110 147 1692 0 32 28 1509 58 62 82 
58 858 170 71 170 1649 64 60 168 12 398 87 189 803 782 132 296 1092 1 55 105 921 180 69 160 669 512 132 266 975 31 78 166 684 601 144 183 1632 810 121 181 1489 0 95 137 1676 735 112 137 1339 0 29 23 1513 59 61 80 778 899 114 171 1691 0 33 27 1025 0 63 99 
59 858 169 72 171 668 519 131 258 1091 3 54 104 931 178 67 162 9 410 86 187 1650 55 58 173 840 791 109 260 688 626 142 172 979 25 80 171 1497 0 72 118 1649 802 117 195 1339 0 29 23 774 904 104 163 1531 53 54 85 1022 0 63 101 1673 738 112 133 1689 0 34 29 
60 662 526 136 238 860 172 70 161 832 785 125 240 932 177 68 160 1651 49 58 184 1091 3 52 104 9 388 87 205 1505 0 63 146 989 41 61 156 1652 786 113 219 682 628 145 172 778 900 106 168 1339 0 30 24 1533 53 54 82 455 182 79 160 1057 0 53 98 1689 0 33 29 
61 935 169 68 173 657 528 139 228 868 172 66 159 1651 43 58 196 1090 3 48 102 990 42 62 154 828 781 132 232 676 628 148 175 1507 0 61 146 1655 789 110 217 459 179 76 163 6 415 79 192 1536 53 52 82 1339 0 29 23 1064 0 52 100 782 893 116 169 
62 942 162 63 188 654 532 141 214 875 144 60 199 1088 2 49 103 1651 39 58 204 830 772 131 241 992 42 63 154 2 420 73 187 668 628 159 178 461 182 77 159 1659 800 103 202 1537 50 53 84 1510 0 58 143 1340 0 27 22 778 888 124 171 
63 942 162 63 188 654 532 142 214 875 144 60 199 1088 2 49 103 1651 39 58 204 830 772 131 242 992 42 64 154 2 420 72 187 461 182 77 159 668 628 159 178 1659 801 103 201 1537 50 53 84 1509 0 59 143 1340 0 27 22 
64 946 158 63 193 879 135 59 216 1650 42 59 197 653 536 135 207 1086 1 52 106 466 180 76 161 834 773 127 244 1663 798 98 206 980 20 86 167 671 632 154 178 1510 0 59 140 0 424 72 185 1537 50 55 85 1340 0 28 22 995 60 56 135 
65 882 138 59 209 949 155 62 199 649 534 135 228 1650 40 60 200 835 770 132 244 1656 765 106 249 1073 0 54 106 468 182 78 159 982 29 91 159 1510 0 59 138 661 628 137 195 1340 0 29 22 1537 48 56 86 803 854 113 180 
66 952 157 62 195 840 769 131 251 1650 47 60 187 884 144 61 193 646 539 134 220 997 42 64 152 469 181 79 161 1075 2 47 105 1655 779 104 229 1510 0 58 139 657 630 137 198 1339 0 30 20 1542 50 53 79 804 861 111 170 
67 639 540 136 223 1650 51 61 179 955 152 60 202 1075 3 49 106 882 153 74 179 471 179 79 163 1001 43 58 147 1511 0 53 137 835 763 140 254 1654 771 103 239 658 635 127 197 1339 0 31 19 1545 49 52 78 
68 1076 5 47 106 1650 45 61 190 636 543 135 223 887 155 74 171 1647 776 94 243 961 148 55 206 840 757 135 258 483 178 75 157 1004 45 54 140 654 641 126 188 1512 0 56 136 1543 48 54 81 808 852 114 175 1339 0 33 19 
69 1076 5 47 106 1650 46 61 188 636 543 135 223 887 155 74 171 1646 776 95 244 961 149 55 204 839 757 136 258 483 178 75 157 1004 45 53 140 655 641 125 188 1512 0 56 136 1543 48 54 81 808 851 114 176 1339 0 33 19 
70 1643 780 99 246 1651 45 61 190 1075 4 48 110 961 152 58 199 887 155 73 170 631 548 128 258 856 750 130 217 1510 0 63 121 648 641 125 189 1008 45 58 136 485 177 76 158 1542 51 57 78 812 852 118 169 1339 0 33 18 1538 0 58 110 648 641 125 189 
71 892 155 70 171 616 548 136 260 1640 785 100 241 1652 44 61 189 964 151 56 201 1073 4 48 110 858 745 128 232 641 666 116 177 1008 44 59 142 1510 0 63 120 492 184 64 152 1547 30 56 91 811 857 116 159 1539 0 58 110 1340 0 30 18 1687 0 33 28 
72 609 551 142 259 1652 43 61 189 863 740 126 241 894 154 75 176 1638 790 101 230 960 159 66 165 1069 4 51 111 643 664 120 182 1510 0 62 122 493 186 62 147 1010 43 57 143 1547 31 58 90 816 854 111 155 1674 0 39 33 1541 0 60 110 
73 866 737 128 240 1652 47 62 179 604 550 146 260 897 147 67 184 1633 792 104 227 496 188 60 145 636 665 130 184 1511 0 64 121 962 158 64 163 1011 42 58 144 1067 2 51 114 822 849 107 153 1545 52 60 73 1674 0 39 34 1534 0 65 111 
74 870 736 126 237 898 143 67 193 600 559 147 251 1653 46 62 178 1630 794 106 224 627 667 137 186 1012 43 58 140 1512 0 62 118 1061 7 51 117 502 188 55 141 973 155 53 169 1547 33 59 87 1673 0 39 35 1532 0 66 109 823 848 102 153 
75 871 736 125 237 898 143 67 193 600 559 147 250 1653 46 62 178 1630 790 105 260 627 666 137 187 1012 44 58 139 1512 0 62 118 1061 7 51 117 502 188 55 141 973 155 52 169 1547 33 59 87 1673 0 39 35 1533 0 65 109 822 848 103 154 
76 873 729 128 242 597 563 145 247 904 142 63 189 1628 791 106 259 1653 46 62 175 1013 42 62 143 973 150 53 184 628 669 131 188 1511 0 66 118 1060 8 50 117 1545 32 63 90 502 184 53 149 
77 869 727 137 243 907 147 62 171 1627 796 107 254 1654 48 62 169 592 565 155 243 974 144 56 192 1017 42 61 139 620 669 142 195 1058 7 50 119 1541 51 66 74 1509 0 70 113 
78 875 719 129 249 1624 804 111 254 911 148 64 165 1654 48 62 166 592 569 131 248 974 146 59 183 1020 40 60 140 615 668 142 198 1540 32 70 90 1059 10 47 117 1521 0 80 110 844 828 116 149 
79 878 715 129 256 1619 812 117 254 1653 52 63 156 916 145 62 172 978 138 58 199 589 574 134 240 601 672 155 197 1019 41 61 137 1058 14 47 112 1541 33 71 88 1509 0 74 115 511 185 60 138 847 832 110 142 1515 241 154 157 
80 1654 53 62 153 980 138 60 196 1615 823 120 243 918 144 62 173 878 710 132 264 585 577 137 231 1021 44 62 133 515 185 60 140 1510 0 72 115 605 678 147 189 1544 52 64 71 850 832 106 140 1668 0 35 34 1515 242 154 155 
81 1654 53 62 153 980 137 60 197 1615 823 120 243 918 144 62 173 878 710 132 264 585 577 137 232 1021 44 62 133 515 185 60 140 1510 0 72 115 605 678 147 189 1544 52 64 71 850 832 106 140 1669 0 34 34 1515 242 154 155 
82 922 139 59 169 1654 53 63 152 982 137 61 195 1612 827 121 238 581 589 138 207 1025 44 60 133 880 712 126 256 596 672 158 204 1523 0 71 108 1668 0 33 34 1566 37 55 76 518 184 56 140 1542 32 65 88 847 830 106 136 1514 242 154 156 
83 924 136 61 174 985 133 61 200 1654 52 62 154 1025 48 60 128 1610 832 121 232 880 709 123 226 580 596 141 245 859 819 102 144 1522 0 76 108 598 674 152 203 1665 0 36 35 1541 34 68 85 1565 38 59 75 520 187 56 137 
84 927 136 58 172 1655 51 61 156 988 139 62 187 574 599 147 247 1026 51 58 123 879 703 126 231 1610 832 118 234 1522 0 72 108 860 811 107 152 1666 0 35 35 585 703 140 187 1567 37 58 76 1541 33 65 85 
85 935 141 57 162 1655 50 60 156 571 602 143 247 990 143 66 176 1609 833 121 234 1028 47 60 127 886 697 123 236 1523 0 73 106 586 706 137 188 1568 38 57 76 1664 0 36 35 863 808 106 151 1544 35 63 83 1066 0 53 74 
86 933 143 62 159 1655 49 60 156 991 146 68 173 564 606 143 246 1608 844 121 232 908 698 121 234 1526 0 75 106 582 712 135 186 1035 26 56 140 1662 0 37 35 1570 37 55 76 872 806 103 151 1070 0 53 74 1543 36 62 81 1765 397 95 250 
87 934 143 61 159 1655 49 60 156 991 146 69 173 563 606 144 246 1608 843 121 233 908 698 121 234 1526 0 75 106 582 713 135 185 1035 25 56 141 1662 0 37 35 1570 37 55 76 872 806 103 151 1070 0 53 74 1543 36 63 81 1766 397 94 250 
88 936 140 61 165 992 151 70 162 1607 843 124 234 556 612 140 244 1656 36 58 171 912 689 119 241 578 720 131 181 1035 28 59 140 1528 0 71 105 1568 35 59 78 1764 399 94 253 878 804 103 150 530 166 56 151 1072 0 52 72 1658 1 39 33 
89 940 135 60 172 1603 848 129 227 551 617 138 245 996 154 66 154 1656 32 58 177 913 685 118 245 578 724 126 183 1534 0 70 107 1760 412 98 234 883 765 110 184 1027 11 84 163 1569 36 57 76 531 164 58 153 1038 45 50 129 
90 942 137 62 165 545 615 137 250 1601 856 128 218 1655 30 59 179 1001 153 72 143 570 728 122 181 908 683 127 250 1539 0 64 105 1760 411 99 235 534 164 55 156 1027 11 87 160 885 761 111 188 1573 37 53 75 1515 242 153 155 
91 944 135 62 164 1656 30 58 178 917 682 126 246 539 617 137 245 1598 857 129 217 1005 146 65 156 1538 0 61 107 1757 414 103 231 568 724 120 188 886 769 104 175 1022 10 89 160 536 161 54 161 1574 34 57 78 
92 947 130 60 171 922 681 124 251 1656 22 58 193 1011 135 61 176 1597 863 129 212 533 619 140 234 1541 0 61 107 566 716 124 200 1756 415 102 230 891 774 98 164 1037 0 53 149 1576 34 56 76 536 161 60 161 
93 947 130 60 171 921 681 125 251 1656 22 58 194 1011 135 61 176 1597 863 129 212 533 619 140 234 1541 0 61 107 566 716 124 200 1756 415 103 230 891 774 98 164 1036 0 54 150 1575 34 57 76 536 161 60 161 
94 949 128 63 171 926 676 124 249 526 617 146 224 1656 25 59 188 1598 872 126 204 1012 131 62 183 558 708 136 214 1753 417 107 228 1541 0 63 106 890 772 100 160 1043 29 62 131 1577 36 56 74 538 162 59 157 
95 953 123 64 179 1655 27 60 184 1016 123 61 193 930 673 118 249 1600 879 126 197 521 621 153 223 1045 30 61 125 1543 0 62 107 548 712 141 211 1755 424 104 211 894 770 95 157 1580 33 52 76 1036 15 48 126 540 164 59 150 
96 957 118 63 187 1655 31 61 175 941 674 117 208 1594 882 133 192 1018 122 60 194 522 618 126 277 1544 0 60 107 1048 23 57 138 1753 426 106 205 539 734 141 206 1580 32 55 77 896 767 99 157 542 164 58 146 1035 14 46 128 1515 241 153 156 
97 517 626 128 266 1655 38 62 160 942 668 116 218 1589 887 138 187 1022 124 57 189 1545 0 57 107 959 126 81 173 1053 21 53 141 1744 434 110 233 542 736 140 207 1033 15 43 125 1583 33 52 75 545 168 64 140 894 767 97 155 1515 241 154 156 
98 939 663 122 225 514 632 131 265 1656 39 62 159 1587 890 138 185 1742 435 112 234 1056 24 52 133 961 126 81 173 1025 19 44 118 539 740 147 205 1024 135 59 169 1547 0 57 105 1583 33 54 76 1517 241 154 156 546 166 63 140 900 761 90 161 1634 0 38 37 
99 939 663 122 226 514 632 131 266 1656 39 62 159 1587 890 137 185 1742 435 112 234 1056 24 52 132 961 126 81 173 1025 19 44 117 539 739 147 206 1024 135 59 169 1547 0 57 105 1583 33 54 76 1517 241 154 156 900 761 90 161 546 166 63 140 1634 0 38 37 
100 941 661 122 224 1657 40 61 157 507 640 137 262 1740 439 112 233 1583 893 142 183 1025 14 41 125 1056 22 51 135 1027 127 57 179 961 123 83 160 1579 33 57 76 1549 0 53 104 528 745 159 202 1517 242 154 155 917 771 62 136 
101 942 656 126 218 1742 442 109 232 1656 43 63 151 501 646 142 256 1579 895 147 179 1021 15 43 126 1057 20 50 138 1028 126 58 178 960 123 85 159 1552 0 47 103 1582 32 54 76 519 746 167 210 1517 242 153 155 519 746 167 210 552 167 58 133 
102 944 653 129 217 1657 41 63 150 1739 445 110 232 1055 22 53 134 1579 898 148 177 495 651 141 254 1029 129 59 168 1021 15 42 128 962 126 86 170 1578 33 59 72 516 748 168 211 1516 242 154 155 1552 0 55 102 554 166 59 134 507 758 149 198 
103 953 650 128 217 1055 20 55 142 1737 448 112 232 1030 135 65 158 1658 43 62 142 501 651 120 293 1577 902 148 173 512 762 135 200 968 132 68 158 1019 20 43 131 1579 30 57 77 1517 242 154 154 568 167 62 129 1556 0 51 102 
104 1031 134 66 159 954 644 126 228 1736 453 111 226 1056 22 56 136 1659 41 62 141 488 655 122 288 1577 903 142 174 507 756 135 210 971 132 67 157 1016 20 44 130 573 138 51 170 1555 0 53 101 1516 242 154 155 1582 32 56 73 
105 954 644 126 228 1031 134 66 159 1056 22 56 136 1736 453 111 226 1659 41 62 141 488 655 121 288 1578 903 141 174 507 756 134 210 971 132 67 157 1016 20 45 130 1555 0 53 101 573 138 51 170 1516 242 154 155 1582 32 56 73 
106 955 638 127 239 1033 130 65 163 1056 25 58 128 1734 455 111 225 1661 39 59 141 480 657 122 286 970 133 66 138 509 746 124 229 1015 23 43 124 1573 903 148 175 1555 0 52 102 575 136 49 173 1515 242 154 155 1582 31 55 75 921 744 108 144 1610 2 42 92 
107 1057 21 56 135 975 133 64 135 1036 130 62 159 1733 456 110 226 952 635 129 244 473 661 129 279 1662 33 57 149 1015 25 42 120 508 779 121 206 1571 926 145 152 576 138 48 170 1553 0 57 102 1515 242 155 156 1576 3 61 97 925 743 107 144 
108 979 125 61 144 464 665 131 282 1731 456 106 227 1057 19 58 140 956 638 124 239 505 778 116 211 1662 30 57 153 1035 137 64 134 1572 927 146 150 1514 242 155 157 932 742 107 143 1553 0 57 102 1014 25 45 122 1576 4 62 95 
109 982 123 61 141 462 677 130 268 1729 457 107 227 1042 116 63 174 986 632 107 218 1659 27 64 145 499 786 119 207 1058 18 58 142 933 736 107 145 1005 9 49 137 1518 243 151 153 1574 1 66 100 1555 0 56 101 1567 930 148 147 
110 984 120 58 142 459 681 133 261 985 632 114 216 1730 456 102 233 1044 115 63 175 496 790 128 204 1059 5 62 141 935 733 98 142 1660 23 62 152 1568 937 143 140 1002 18 53 118 1516 243 153 153 1570 2 70 98 1570 2 70 98 1553 0 60 100 614 80 82 110 
111 984 120 58 142 459 680 133 262 985 632 114 216 1730 456 102 232 1044 114 63 177 496 790 128 204 1059 5 62 141 935 734 98 140 1660 23 62 152 1568 937 142 140 1001 18 54 118 1516 243 153 153 1571 2 69 98 1571 2 69 98 615 80 81 110 1553 0 60 100 
112 987 110 59 164 987 626 114 220 1725 457 108 232 451 682 148 254 1048 117 62 171 1660 24 63 150 484 788 141 209 1565 942 146 135 1037 4 101 139 938 728 100 147 1517 243 153 153 1567 1 73 100 1567 1 73 100 
113 991 110 60 166 986 621 115 211 1052 112 60 179 1727 457 103 256 1660 23 64 154 447 685 152 253 479 788 145 211 944 723 111 148 1565 944 144 134 1517 243 152 153 1569 2 71 98 1569 2 71 98 1062 22 59 131 1034 5 101 139 
114 994 122 59 147 984 615 117 210 1712 453 109 266 1055 120 59 164 1660 24 64 152 442 689 136 257 951 720 108 154 466 787 150 221 1566 949 142 130 1065 20 59 133 1518 243 151 152 1572 3 70 97 592 150 54 145 1572 3 70 97 466 787 150 221 
115 1710 457 113 265 994 120 64 151 987 611 113 213 1059 121 58 162 1659 25 65 150 439 694 136 294 1569 956 137 122 958 702 110 157 460 788 151 221 1068 23 56 128 1573 2 73 98 1519 243 150 152 1003 37 38 97 1562 0 81 72 
116 1707 462 118 261 983 609 122 219 994 123 67 144 1661 22 64 154 433 702 139 281 957 698 114 160 1039 0 83 285 1575 2 70 96 1570 963 135 115 1061 126 60 147 1519 244 151 151 450 815 151 214 1566 0 79 76 435 770 182 262 1004 33 37 107 
117 1707 462 118 261 983 609 122 218 994 122 67 145 1661 23 64 153 957 698 115 160 433 702 139 281 1039 0 83 284 1575 2 70 96 1570 963 135 115 1519 243 151 152 1062 127 59 145 450 815 152 214 1566 0 80 76 435 770 182 262 1004 33 37 107 
118 1704 468 123 258 987 612 121 221 1660 22 67 153 427 708 139 275 996 120 66 145 1062 122 59 153 1570 969 137 109 1047 0 82 283 961 699 104 156 1519 244 152 150 1577 2 65 95 437 826 141 202 1577 2 65 95 598 151 52 133 998 31 40 112 
119 1704 476 118 260 992 612 123 217 1661 23 65 148 424 722 140 260 1064 116 59 161 996 116 66 150 1577 1 68 96 1050 2 78 277 961 694 104 157 1519 245 151 148 612 155 39 125 1592 980 93 99 437 829 140 201 
120 1706 482 114 257 999 608 118 221 1661 25 66 140 416 725 139 259 1044 1 85 276 1577 1 69 93 1006 118 64 149 962 692 106 158 1595 987 90 93 989 31 46 116 435 831 136 204 1069 121 56 150 1519 245 152 149 
121 1705 486 113 253 1005 117 67 146 998 605 122 227 1661 22 66 142 1073 115 56 159 406 728 139 257 1078 15 64 118 1576 0 68 94 615 154 40 124 988 33 43 115 967 691 101 154 1519 244 151 150 430 835 134 205 1591 993 94 85 
122 1703 488 117 254 1006 119 67 140 1006 599 121 196 1662 24 64 138 981 32 47 117 1080 15 62 118 1075 113 56 159 615 150 44 125 1577 0 65 94 398 722 175 275 968 693 105 148 1520 245 150 149 423 832 136 215 
123 1703 488 117 254 1006 118 67 141 1006 599 122 196 1662 24 64 137 981 32 47 117 1080 15 62 118 1075 113 56 159 615 150 44 125 1577 0 65 94 398 722 175 276 968 693 105 148 1520 245 150 149 422 831 136 216 
124 1700 488 118 257 1014 593 113 206 1011 117 63 142 981 32 45 118 1664 22 61 140 615 146 51 130 1082 15 60 116 390 734 148 239 1076 117 56 149 1578 0 65 95 424 829 132 227 969 692 101 147 1521 245 149 149 
125 1701 489 115 257 1016 589 116 217 977 33 49 120 1012 112 63 142 1084 15 60 116 1663 22 63 141 616 145 54 130 391 727 160 326 1577 0 67 94 1077 119 55 145 420 826 141 238 969 688 102 148 1520 245 150 149 
126 1698 491 116 254 1017 586 115 222 977 32 46 122 387 726 150 323 1085 14 58 117 1014 114 62 148 1672 22 59 138 1571 0 75 83 615 131 49 143 1086 110 49 144 414 815 128 254 1520 245 150 149 
127 1696 492 116 252 1018 590 119 204 976 35 49 118 382 723 152 336 1673 23 58 136 1084 14 60 112 1084 112 54 158 620 135 46 134 1574 0 69 80 409 808 130 268 1018 111 59 143 1520 245 152 150 976 682 95 148 
128 1017 590 121 198 1693 493 121 250 976 34 47 123 1672 22 60 136 1084 14 60 113 1089 108 49 166 371 724 159 332 1020 103 59 157 1577 0 62 81 398 859 131 213 996 696 57 123 622 136 50 132 1612 4 43 86 
129 1017 590 121 198 1693 493 121 250 976 34 47 123 1672 22 60 136 1084 14 60 113 1089 108 49 166 371 724 159 332 1577 0 62 81 1020 103 59 157 398 859 131 213 622 136 50 132 996 696 58 123 1612 4 43 86 
130 1015 587 127 201 974 34 49 122 1693 491 119 255 365 736 132 300 1672 23 61 135 1087 100 55 165 1086 14 59 108 1022 103 60 154 391 862 145 211 1578 0 56 81 1615 4 42 84 627 132 47 140 
131 1017 585 126 198 1686 489 129 276 973 36 52 121 1672 23 62 136 355 749 160 298 1089 14 57 110 1089 116 56 149 1025 103 62 154 359 844 204 236 1584 2 53 88 632 133 46 139 1610 4 46 83 1519 245 152 149 
132 1686 496 126 268 1016 583 129 199 345 750 163 307 1672 22 63 136 969 36 48 122 1092 91 55 182 1088 14 59 108 1028 106 60 141 634 136 49 130 353 855 213 222 1584 2 51 87 1612 4 45 83 
133 1687 504 123 262 1023 576 127 207 968 36 49 126 1094 87 54 188 1673 18 63 138 336 759 174 288 1030 103 61 150 1088 14 60 107 635 138 49 125 345 859 215 218 1578 0 66 80 632 118 78 160 1613 4 48 82 1008 672 65 127 
134 1687 520 118 246 1097 79 56 203 967 40 49 120 1020 573 132 209 1031 98 62 160 1675 17 62 140 329 765 175 281 1092 13 57 108 637 134 49 129 1577 0 63 79 338 867 223 208 1622 4 42 81 1000 664 110 140 
135 1688 520 117 247 1097 79 56 203 967 39 49 121 1019 573 132 210 1031 98 62 160 1675 17 62 140 329 764 175 282 1092 13 57 108 637 134 49 128 1577 0 63 79 338 867 223 207 1621 4 42 81 
136 1688 524 119 247 1033 91 62 170 1097 88 60 183 1030 570 126 208 1677 14 60 143 965 30 49 140 330 780 168 285 1094 3 59 108 638 111 75 165 1577 0 62 78 341 889 158 190 1622 5 42 79 
137 1686 527 118 247 330 782 165 282 1098 93 63 169 1033 97 64 156 1028 567 125 216 963 32 48 135 1677 13 60 145 643 126 57 136 1577 0 70 79 1095 11 56 114 1009 657 101 142 347 883 146 196 1618 4 45 80 
138 1683 531 118 244 1099 102 66 146 321 779 160 289 1035 92 63 160 963 45 47 126 1678 10 60 150 1032 560 116 192 1098 0 61 112 1011 654 98 138 640 106 72 165 1577 0 69 77 1620 3 43 81 
139 1101 103 67 146 1681 535 118 241 961 46 46 125 1677 8 61 142 315 782 164 285 1036 556 114 197 1039 95 57 152 1009 648 104 143 648 124 57 136 1103 9 51 119 1579 0 63 75 1622 3 41 81 1027 582 115 195 391 887 141 166 1 560 56 250 
140 1105 96 64 156 1678 537 118 235 959 46 46 126 1677 9 62 138 1037 554 115 201 312 788 173 285 1045 96 60 145 1106 7 47 123 1579 0 63 76 0 562 53 245 1621 4 42 79 1015 648 96 144 
141 1105 96 65 156 1678 537 118 235 959 46 46 126 1677 10 62 137 1037 554 115 201 312 787 173 285 1044 95 62 147 1105 7 48 123 1585 0 54 87 0 562 53 245 1621 4 42 79 1014 648 97 144 
142 1108 95 64 155 1677 538 118 238 958 47 46 124 1043 96 65 145 1036 555 120 194 1678 7 61 143 305 798 187 274 1109 6 48 127 1016 643 105 145 1578 0 60 73 1 564 55 246 1622 4 41 79 333 883 160 191 
143 1110 97 63 151 1672 537 121 242 956 46 46 124 1043 90 66 143 1059 550 113 196 1678 6 61 146 300 805 181 271 1110 6 47 128 0 555 60 247 1022 641 106 144 1580 0 56 73 664 125 46 137 334 884 157 189 1615 0 48 77 
144 1046 85 64 154 1669 533 128 271 955 47 44 123 1118 104 58 139 1057 550 117 191 288 805 142 265 1680 8 60 154 0 553 63 245 1112 4 46 129 1580 0 59 74 666 125 49 135 1030 612 111 163 332 888 161 180 
145 1666 530 129 277 953 46 47 125 1050 81 62 159 1121 100 56 143 0 552 68 244 1062 549 111 188 1680 4 58 151 1111 3 50 133 1581 0 56 73 281 813 147 243 668 126 49 134 1030 616 111 157 273 899 244 173 
146 1050 82 66 157 951 49 45 122 1662 532 131 281 1122 99 56 144 0 552 70 239 1680 5 58 148 1057 546 119 194 1112 0 48 135 272 826 152 221 1580 0 58 74 1030 613 108 160 668 125 50 135 266 905 240 169 
147 1050 82 66 156 951 49 45 122 1662 532 131 281 1122 99 56 144 0 552 70 239 1057 546 119 194 1680 5 58 148 1112 0 48 135 272 826 152 221 1579 0 59 74 1030 614 108 159 667 125 52 135 266 904 240 171 
148 950 51 46 119 1660 543 132 273 1054 83 66 155 1680 6 59 145 1124 99 55 142 1059 541 119 200 0 539 72 238 1576 0 60 74 1113 0 53 119 264 832 156 220 670 125 50 134 1034 611 108 160 300 903 184 165 
149 1657 552 135 266 948 53 46 116 1055 83 66 154 1681 5 58 146 1061 537 120 198 1125 100 55 141 0 539 81 240 1574 0 62 75 1111 0 57 119 253 837 196 228 1036 609 106 160 670 126 50 134 
150 1658 559 132 262 946 55 47 116 1056 83 66 154 1683 5 56 144 1127 93 54 153 1063 532 116 207 1 538 89 240 1574 1 63 74 1118 0 62 116 245 839 205 224 673 106 47 147 1038 612 103 151 
151 1659 564 127 258 1059 81 64 158 943 56 48 115 1683 4 56 141 1062 529 122 212 2 540 92 234 1128 97 55 145 1575 1 62 72 1118 0 62 117 682 100 48 157 236 841 161 209 1555 0 35 60 1040 612 105 148 238 945 240 128 
152 1062 84 63 149 1659 569 127 256 1683 2 57 142 1066 527 121 213 941 57 48 116 3 540 98 234 682 95 49 163 1128 99 56 142 1120 0 60 117 228 843 164 200 1576 0 65 73 1552 0 35 61 236 951 239 124 1041 611 106 151 
153 1062 84 63 149 1659 569 127 256 1683 2 57 142 1065 527 122 213 941 57 48 116 3 540 98 234 682 95 49 162 1128 99 56 142 228 843 164 200 1120 0 60 117 1576 0 65 73 1552 0 35 61 236 951 239 124 1041 611 106 152 
154 1063 78 62 157 1684 0 56 143 0 539 110 233 939 59 49 113 1075 527 114 209 1662 572 124 256 681 100 52 153 1129 85 57 154 1123 0 58 116 224 844 161 201 1579 0 60 74 1551 0 34 61 1042 609 101 147 231 955 241 120 
155 1066 77 61 160 0 535 115 238 1684 0 57 145 1077 517 120 199 681 98 54 153 939 57 47 116 1131 81 57 162 1661 579 123 240 1125 0 56 113 1578 0 61 74 217 847 142 230 1550 0 36 61 1045 609 98 145 1063 616 58 121 
156 1068 64 62 182 5 531 115 243 1684 0 58 143 1083 518 119 190 932 55 47 121 684 94 53 160 1663 584 124 229 1131 83 59 155 213 853 147 223 1127 0 54 110 1581 0 60 74 1549 0 37 61 210 965 251 111 1067 610 55 128 
157 1069 64 65 180 10 527 113 245 1684 0 58 145 1088 518 117 187 931 55 48 123 684 97 53 155 206 856 152 217 1661 560 126 302 1132 84 58 152 1126 0 56 107 1549 0 38 61 1582 0 59 72 207 966 250 111 1070 611 55 125 
158 13 524 111 245 1090 518 116 187 1070 71 65 165 930 58 49 121 1684 0 59 139 1660 563 127 297 1133 82 60 155 687 96 54 156 200 860 155 212 1127 0 56 106 1546 0 37 61 1583 0 57 71 1070 609 55 128 211 975 239 104 
159 13 524 111 245 1089 518 117 187 1070 71 65 165 930 58 49 121 1684 0 59 138 1660 563 127 297 1133 82 60 155 687 96 54 156 200 860 155 212 1126 0 57 106 1545 0 38 61 1583 0 57 71 1070 609 55 128 211 975 239 104 
160 23 515 115 237 928 59 51 120 1685 0 58 138 1085 517 122 187 1662 564 123 295 1136 84 61 140 688 100 57 150 1074 73 60 156 1540 0 52 64 190 873 166 197 1129 0 55 109 1582 0 59 71 
161 29 513 112 233 1661 569 122 290 1136 82 63 145 1088 515 120 190 1686 0 57 139 928 60 50 119 1079 76 66 149 691 106 57 136 1130 0 54 105 1540 0 50 63 178 881 171 185 1080 563 121 163 1582 0 59 70 
162 34 513 113 229 1139 83 64 142 1091 512 118 191 1657 576 126 283 1687 1 56 137 1078 77 69 148 926 59 51 122 1131 0 53 105 693 101 55 145 1537 0 49 65 176 889 165 180 1083 572 115 150 
163 1142 83 64 141 37 510 115 235 1094 509 116 200 1078 76 68 149 1688 3 56 133 1656 586 126 277 924 59 51 134 1132 0 53 104 165 893 172 179 1534 0 48 66 699 94 51 154 1080 575 118 148 
164 1143 82 65 144 42 505 117 241 1092 505 119 197 1079 79 68 147 1656 596 126 270 1690 0 55 136 921 62 50 129 154 899 167 174 1130 0 55 105 1532 0 48 63 705 106 46 131 1079 579 114 143 1630 0 32 56 
165 1143 82 65 144 42 505 117 241 1092 506 119 196 1079 79 68 147 1656 596 126 270 1690 0 55 136 921 62 50 129 154 898 167 175 1130 0 55 105 1532 0 48 63 705 106 46 131 1079 579 114 143 1630 0 32 56 
166 1144 81 66 145 47 498 114 240 1092 500 118 204 1656 607 124 262 1082 81 66 141 1690 0 57 135 919 64 49 127 144 904 174 171 1132 0 55 106 707 107 45 129 1532 0 48 64 1081 575 112 148 1090 594 54 123 1631 0 32 56 
167 52 499 121 236 1146 82 63 140 1092 496 119 208 916 64 50 127 1084 79 66 141 1658 613 123 252 1691 0 58 133 1135 0 53 107 135 909 154 162 709 86 45 148 1531 0 49 63 1083 576 108 145 1106 0 32 54 
168 1100 492 112 212 57 500 129 229 915 63 49 129 1149 80 59 141 1659 619 121 243 1089 74 59 132 1691 0 58 133 713 83 43 156 1138 0 50 109 128 914 168 158 1530 0 50 63 1085 574 100 149 1105 0 33 53 
169 1106 488 110 213 60 500 134 226 913 62 50 128 1158 81 54 137 1655 604 122 296 1094 70 57 140 1693 0 56 133 716 76 54 165 118 925 180 151 1139 0 49 109 1106 0 32 54 1531 0 49 62 1088 576 96 142 
170 66 498 134 227 1105 487 110 215 910 62 52 129 1653 604 121 301 1096 71 56 137 1159 79 54 140 717 73 53 164 113 926 181 152 1695 0 55 136 1141 0 50 111 1519 0 50 62 1107 0 32 53 
171 66 498 134 227 1105 487 110 215 910 62 52 129 1653 604 120 301 1096 71 56 137 1159 79 54 140 716 73 54 165 113 926 182 152 1695 0 55 136 1141 0 50 111 1519 0 50 63 1107 0 32 53 
172 70 494 134 233 1108 488 109 210 909 63 51 128 1649 610 121 297 1097 70 55 137 108 930 174 149 1161 77 52 142 718 69 54 169 1696 0 55 135 1518 0 52 63 1140 0 50 109 1627 0 33 53 
173 76 489 128 240 1100 68 55 136 907 65 51 128 1107 488 110 213 1649 617 120 286 1161 70 55 142 103 939 170 140 1698 0 52 133 1516 0 52 64 719 70 54 171 1141 0 50 104 1629 0 33 53 
174 79 486 127 239 1102 61 57 145 906 66 52 126 1648 623 123 275 1164 71 53 140 1107 485 114 218 73 951 226 126 1692 0 59 118 721 66 54 177 1514 0 55 64 1144 0 49 106 1627 0 33 53 
175 94 483 118 229 1104 62 55 144 904 69 50 122 1648 626 124 272 1165 70 54 142 1106 482 114 176 57 961 218 114 1513 0 54 65 724 66 53 178 1693 0 59 118 1146 0 48 104 1627 0 33 53 1097 560 99 153 
176 100 478 110 231 1105 61 58 144 902 71 51 121 1647 630 124 277 1166 73 56 132 1111 479 114 183 727 63 54 185 1511 0 55 66 50 966 219 110 1694 0 57 118 1146 0 49 107 1626 0 34 53 1098 562 94 147 
177 100 478 110 231 1105 61 58 144 